from utils import constants as cons

"""Configuration data of Tyche static and Tyche generic.\
   Contains all needed variables.

   General config:
   Nodes, LE_mapping

    Init state of tyche:
    Visual_ini, Verbal_ini,
    Intuitive_ini, Sensing_ini,
    Active_ini, Reflective_ini,
    Sequential_ini, Global_ini

    Static tyche

    Generic tyche
"""


Nodes = [0, 1, 2, 3, 4, 5, 6, 7, 8, 9, 10]


naming_map = {
    cons.abbreviation_ct: cons.name_kü,
    cons.abbreviation_as: cons.name_lz,
    cons.abbreviation_co: cons.name_ek,
    cons.abbreviation_ra: cons.name_ab,
    cons.abbreviation_ex: cons.name_be,
    cons.abbreviation_rq: cons.name_rq,
    cons.abbreviation_se: cons.name_se,
    cons.abbreviation_ec: cons.name_üb,
    cons.abbreviation_cc: cons.name_zf,
    cons.abbreviation_rm: cons.name_zl,
    cons.abbreviation_an: cons.name_an,
}

# First node transitions

Visual_ini = [
    [
        0.122294118,
        0.073171429,
        0.196073109,
        0.11767395,
        0.175121008,
        0.170868067,
        0.031665546,
        0.029691597,
        0.083441176,
    ]
]

Verbal_ini = [
    [
        0.166236842,
        0.085184211,
        0.187526316,
        0.083921053,
        0.137731579,
        0.214426316,
        0.019394737,
        0.047205263,
        0.058373684,
    ]
]


Intuitive_ini = [
    [
        0.0938871794871795,
        0.0509282051282051,
        0.198348717948718,
        0.155489743589744,
        0.156771794871795,
        0.201494871794872,
        0.0308538461538462,
        0.0375051282051282,
        0.0747205128205128,
    ]
]

Sensing_ini = [
    [
        0.141918181818182,
        0.0842393939393939,
        0.193536363636364,
        0.0962989898989899,
        0.175173737373737,
        0.167162626262626,
        0.029630303030303,
        0.0299747474747475,
        0.0820656565656566,
    ]
]


Active_ini = [
    [
        0.103717778,
        0.070528889,
        0.170235556,
        0.143946667,
        0.191993333,
        0.184838889,
        0.024913333,
        0.029232222,
        0.080593333,
    ]
]

Reflective_ini = [
    [
        0.17451875,
        0.08288125,
        0.241135417,
        0.055052083,
        0.128685417,
        0.161914583,
        0.03946875,
        0.037485417,
        0.078858333,
    ]
]


Sequential_ini = [
    [
        0.141664634,
        0.061353659,
        0.198770732,
        0.111369512,
        0.179452439,
        0.184440244,
        0.019253659,
        0.027765854,
        0.075929268,
    ]
]

Global_ini = [
    [
        0.108839286,
        0.094551786,
        0.189223214,
        0.115453571,
        0.156092857,
        0.165773214,
        0.045676786,
        0.038453571,
        0.085935714,
    ]
]

# Static node transitions:

Visual_static = [
    [
        0.071731711,
        0.075082161,
        0.132023517,
        0.137599357,
        0.184099902,
        0.140474811,
        0.072329122,
        0.087511897,
        0.099147523,
    ]
]

Verbal_static = [
    [
        0.110889056,
        0.133886998,
        0.099484079,
        0.121346489,
        0.149862623,
        0.172953219,
        0.067165832,
        0.069487236,
        0.074924468,
    ]
]


Intuitive_static = [
    [
        0.084069767,
        0.08803732,
        0.138252677,
        0.145996061,
        0.176841641,
        0.139980657,
        0.06335587,
        0.072633897,
        0.090832109,
    ]
]

Sensing_static = [
    [
        0.07411861,
        0.080743895,
        0.123567779,
        0.131153462,
        0.180597019,
        0.146521129,
        0.075337671,
        0.090049955,
        0.097910481,
    ]
]


Active_static = [
    [
        0.073377005,
        0.077884226,
        0.130906766,
        0.144753312,
        0.195526477,
        0.146165632,
        0.067103206,
        0.075424531,
        0.088858846,
    ]
]

Reflective_static = [
    [
        0.083516538,
        0.092905733,
        0.120614112,
        0.117284017,
        0.14783186,
        0.142093004,
        0.081064014,
        0.104686564,
        0.110004158,
    ]
]


Sequential_static = [
    [
        0.073653205,
        0.082510812,
        0.124129465,
        0.137023887,
        0.182863755,
        0.160631906,
        0.066206236,
        0.083936333,
        0.089044402,
    ]
]

Global_static = [
    [
        0.081947675,
        0.083328162,
        0.133046319,
        0.132868587,
        0.174835945,
        0.121479868,
        0.079736305,
        0.086703503,
        0.106053636,
    ]
]

# Generic node transitions:
#            BO   LG   MS   QU   EX   SU   AAM  TAM  VAM

Visual_g = [
    [
        0.0222297297297297,
        0.0836936936936937,
        0.2802576576576580,
        0.1220747747747750,
        0.1386459459459460,
        0.2337450450450450,
        0.0158963963963964,
        0.0212963963963964,
        0.0821603603603604,
    ],  # BO
    [
        0.2368294642857140,
        0.0285535714285714,
        0.2334053571428570,
        0.0784035714285714,
        0.1424875000000000,
        0.1905776785714290,
        0.0168008928571429,
        0.0163366071428571,
        0.0566053571428571,
    ],  # LG
    [
        0.0504765765765766,
        0.0438198198198198,
        0.0405747747747748,
        0.1662603603603600,
        0.3051099099099100,
        0.2406180180180180,
        0.0215909909909910,
        0.0365621621621622,
        0.0949873873873874,
    ],  # MS
    [
        0.0606209090909091,
        0.0560218181818182,
        0.1406345454545450,
        0.0406209090909091,
        0.0318409090909091,
        0.1996600000000000,
        0.0507554545454546,
        0.0354490909090909,
        0.0978281818181818,
    ],  # QU
    [
        0.0486981818181818,
        0.0667281818181818,
        0.1371427272727270,
        0.2329554545454550,
        0.0865327272727273,
        0.2173663636363640,
        0.0427009090909091,
        0.0547981818181818,
        0.1130772727272730,
    ],  # EX
    [
        0.0559477477477477,
        0.0631369369369369,
        0.1283144144144140,
        0.1636495495495500,
        0.3071558558558560,
        0.0490090090090090,
        0.0369189189189189,
        0.0597801801801802,
        0.1360873873873870,
    ],  # SU
    [
        0.0533264150943396,
        0.0654066037735849,
        0.1320811320754720,
        0.0952028301886793,
        0.1943235849056600,
        0.1941650943396230,
        0.0275820754716981,
        0.0767943396226415,
        0.1611179245283020,
    ],  # AAM
    [
        0.0559990740740741,
        0.0626518518518518,
        0.1074074074074070,
        0.1276648148148150,
        0.1860018518518520,
        0.1802074074074070,
        0.0540638888888889,
        0.0270287037037037,
        0.1989750000000000,
    ],  # TAM
    [
        0.0731472222222222,
        0.0533074074074074,
        0.1273444444444440,
        0.1291805555555560,
        0.2176842592592590,
        0.2008500000000000,
        0.0704111111111111,
        0.0834564814814815,
        0.0446185185185185,
    ],
]  # VAM

Verbal_g = [
    [
        0.0779235294117647,
        0.1010117647058820,
        0.3991000000000000,
        0.0640941176470588,
        0.0998411764705882,
        0.1579294117647060,
        0.0183764705882353,
        0.0229235294117647,
        0.0588000000000000,
    ],
    [
        0.1786294117647060,
        0.6576470588235290,
        0.2255000000000000,
        0.0688117647058824,
        0.1083411764705880,
        0.2701764705882350,
        0.0109470588235294,
        0.0206058823529412,
        0.0512235294117647,
    ],
    [
        0.0813058823529412,
        0.0991176470588235,
        0.0931470588235294,
        0.1370176470588240,
        0.2086588235294120,
        0.2319352941176470,
        0.0372647058823529,
        0.0308411764705882,
        0.0807117647058824,
    ],
    [
        0.0811235294117647,
        0.0836647058823529,
        0.1890294117647060,
        0.0681294117647059,
        0.3133647058823530,
        0.1559352941176470,
        0.0122235294117647,
        0.0277411764705882,
        0.0687882352941177,
    ],
    [
        0.0673176470588235,
        0.0775058823529412,
        0.1580058823529410,
        0.1332235294117650,
        0.0678705882352941,
        0.2673705882352940,
        0.0342000000000000,
        0.0768000000000000,
        0.1177058823529410,
    ],
    [
        0.0634470588235294,
        0.1380941176470590,
        0.1481764705882350,
        0.1803882352941180,
        0.2407588235294120,
        0.0537823529411765,
        0.0431411764705882,
        0.0498588235294118,
        0.0823529411764706,
    ],
    [
        0.0730352941176471,
        0.0958235294117647,
        0.1477470588235290,
        0.1173470588235290,
        0.1097117647058820,
        0.0978117647058823,
        0.0166470588235294,
        0.1315529411764710,
        0.2103235294117650,
    ],
    [
        0.0725375000000000,
        0.0891937500000000,
        0.1364250000000000,
        0.1057937500000000,
        0.1281750000000000,
        0.1123062500000000,
        0.0906750000000000,
        0.0319750000000000,
        0.2329187500000000,
    ],
    [
        0.0660750000000000,
        0.0839812500000000,
        0.1080812500000000,
        0.1197375000000000,
        0.1535187500000000,
        0.1193625000000000,
        0.0766750000000000,
        0.1150187500000000,
        0.1575500000000000,
    ],
]


Intuitive_g = [
    [
        0.03413783783783780,
        0.07057567567567570,
        0.31632432432432400,
        0.12794054054054100,
        0.14048378378378400,
        0.20674864864864900,
        0.01811891891891890,
        0.02264864864864860,
        0.06302162162162160,
    ],
    [
        0.24808918918918900,
        0.01995135135135130,
        0.22923243243243200,
        0.11100000000000000,
        0.10762972972973000,
        0.23063783783783800,
        0.01662702702702700,
        0.01131351351351350,
        0.02551891891891890,
    ],
    [
        0.06018918918918920,
        0.04653783783783780,
        0.04502432432432430,
        0.22024054054054100,
        0.25743783783783800,
        0.25318918918918900,
        0.01843783783783780,
        0.03021621621621620,
        0.06872702702702700,
    ],
    [
        0.04914054054054050,
        0.05251891891891890,
        0.15547567567567600,
        0.06071351351351350,
        0.28810540540540500,
        0.23633243243243200,
        0.05101351351351350,
        0.03021081081081080,
        0.07648918918918920,
    ],
    [
        0.05055405405405400,
        0.05554594594594590,
        0.12024594594594600,
        0.20501891891891900,
        0.10588918918918900,
        0.22468648648648700,
        0.06142702702702700,
        0.07547837837837840,
        0.10115405405405400,
    ],
    [
        0.05130270270270270,
        0.05446756756756760,
        0.16371081081081100,
        0.20438918918918900,
        0.22544324324324300,
        0.05292972972972970,
        0.04543243243243240,
        0.06702702702702700,
        0.13529729729729700,
    ],
    [
        0.06554444444444440,
        0.07182777777777780,
        0.18109444444444400,
        0.11028888888888900,
        0.14801388888888900,
        0.19793055555555600,
        0.00657222222222222,
        0.04422222222222220,
        0.17450555555555600,
    ],
    [
        0.09002777777777780,
        0.07005555555555560,
        0.14560555555555600,
        0.11793888888888900,
        0.13149166666666700,
        0.20215277777777800,
        0.04142777777777780,
        0.0201944444444444,
        0.18110555555555600,
    ],
    [
        0.08193333333333330,
        0.04620833333333330,
        0.18547500000000000,
        0.14924722222222200,
        0.14360000000000000,
        0.19129166666666700,
        0.04917777777777780,
        0.03825277777777780,
        0.11481388888888900,
    ],
]

Sensing_g = [
    [
        0.0277923076923077,
        0.0922626373626374,
        0.2877945054945060,
        0.1088582417582420,
        0.1306494505494510,
        0.2305582417582420,
        0.0154560439560440,
        0.0210505494505495,
        0.0855780219780220,
    ],
    [
        0.2215467391304350,
        0.0388891304347826,
        0.2336228260869570,
        0.0635217391304348,
        0.1501967391304350,
        0.1891750000000000,
        0.0157891304347826,
        0.0191456521739130,
        0.0681130434782609,
    ],
    [
        0.0522868131868132,
        0.0530450549450550,
        0.0485868131868132,
        0.1388494505494510,
        0.3064747252747250,
        0.2338846153846150,
        0.0258010989010989,
        0.0380736263736264,
        0.1029978021978020,
    ],
    [
        0.0692133333333333,
        0.0626833333333333,
        0.1436744444444440,
        0.0375566666666667,
        0.3299144444444440,
        0.1763244444444440,
        0.0433711111111111,
        0.0361466666666667,
        0.1011155555555560,
    ],
    [
        0.0514522222222222,
        0.0733611111111111,
        0.1480300000000000,
        0.2256022222222220,
        0.0750500000000000,
        0.2238022222222220,
        0.0333966666666667,
        0.0504522222222222,
        0.1188533333333330,
    ],
    [
        0.0592373626373626,
        0.0806648351648352,
        0.1176329670329670,
        0.1502120879120880,
        0.3279758241758240,
        0.0483065934065934,
        0.0346197802197802,
        0.0549802197802198,
        0.1263703296703300,
    ],
    [
        0.0521218390804598,
        0.0686931034482759,
        0.1148609195402300,
        0.0932873563218391,
        0.1969528735632180,
        0.1737793103448280,
        0.0341390804597701,
        0.1009724137931030,
        0.1651931034482760,
    ],
    [
        0.0450852272727273,
        0.0644488636363636,
        0.0970568181818182,
        0.1276670454545450,
        0.1977875000000000,
        0.1588840909090910,
        0.0658897727272727,
        0.0307238636363636,
        0.2124568181818180,
    ],
    [
        0.0682670454545455,
        0.0617886363636364,
        0.1000613636363640,
        0.1192545454545450,
        0.2363250000000000,
        0.1899443181818180,
        0.0802363636363636,
        0.1076875000000000,
        0.0364352272727273,
    ],
]


Active_g = [
    [
        0.0297761363636364,
        0.0495659090909091,
        0.2783102272727270,
        0.1352193181818180,
        0.1649477272727270,
        0.2344659090909090,
        0.0183681818181818,
        0.0208284090909091,
        0.0685181818181818,
    ],
    [
        0.2195147727272730,
        0.0289727272727273,
        0.2111784090909090,
        0.0946329545454545,
        0.1630488636363640,
        0.1937272727272730,
        0.0159011363636364,
        0.0185579545454545,
        0.0544659090909091,
    ],
    [
        0.0443613636363636,
        0.0388954545454545,
        0.0521420454545455,
        0.1783761363636360,
        0.3206125000000000,
        0.2194556818181820,
        0.0281386363636364,
        0.0269784090909091,
        0.0910397727272727,
    ],
    [
        0.0525747126436782,
        0.0655068965517241,
        0.1456965517241380,
        0.0448149425287356,
        0.3219574712643680,
        0.1742942528735630,
        0.0575689655172414,
        0.0366931034482759,
        0.1008931034482760,
    ],
    [
        0.0398897727272727,
        0.0539431818181818,
        0.1292931818181820,
        0.2287193181818180,
        0.0989329545454545,
        0.2515829545454550,
        0.0441556818181818,
        0.0617750000000000,
        0.0917079545454546,
    ],
    [
        0.0469159090909091,
        0.0621840909090909,
        0.1363704545454550,
        0.1752238636363640,
        0.3221613636363640,
        0.0549045454545455,
        0.0337227272727273,
        0.0582784090909091,
        0.1102386363636360,
    ],
    [
        0.0461482352941176,
        0.0647176470588235,
        0.1285682352941180,
        0.1124647058823530,
        0.2198188235294120,
        0.1833752941176470,
        0.0347988235294118,
        0.0620094117647059,
        0.1480988235294120,
    ],
    [
        0.0589811764705882,
        0.0642647058823529,
        0.0961576470588235,
        0.1303058823529410,
        0.2153764705882350,
        0.1705176470588240,
        0.0502588235294118,
        0.0238447058823529,
        0.1902929411764710,
    ],
    [
        0.0776447058823529,
        0.0409588235294118,
        0.1195058823529410,
        0.1443658823529410,
        0.2283435294117650,
        0.1780670588235290,
        0.0676423529411765,
        0.0762105882352941,
        0.0672611764705882,
    ],
]

Reflective_g = [
    [
        0.02929750000000000,
        0.16613500000000000,
        0.33505000000000000,
        0.06851500000000000,
        0.06429000000000000,
        0.19993750000000000,
        0.01151250000000000,
        0.02301750000000000,
        0.10224500000000000,
    ],
    [
        0.24986097560975600,
        0.04308292682926830,
        0.27783414634146300,
        0.03959268292682930,
        0.08419756097560980,
        0.21682195121951200,
        0.01630487804878050,
        0.01333902439024390,
        0.05896585365853660,
    ],
    [
        0.07703250000000000,
        0.07815500000000000,
        0.03747000000000000,
        0.12717750000000000,
        0.23001250000000000,
        0.28348500000000000,
        0.01384750000000000,
        0.05521500000000000,
        0.09760500000000000,
    ],
    [
        0.08683500000000000,
        0.04714000000000000,
        0.15019250000000000,
        0.04319000000000000,
        0.30854750000000000,
        0.23624750000000000,
        0.01956000000000000,
        0.02946750000000000,
        0.07882000000000000,
    ],
    [
        0.07668974358974360,
        0.10027435897435900,
        0.16394871794871800,
        0.19904102564102600,
        0.05041794871794870,
        0.16195641025641000,
        0.03571282051282050,
        0.04864615384615380,
        0.16331282051282100,
    ],
    [
        0.07900500000000000,
        0.09709000000000000,
        0.11903250000000000,
        0.14530000000000000,
        0.24592500000000000,
        0.03806750000000000,
        0.04659500000000000,
        0.05886750000000000,
        0.17011750000000000,
    ],
    [
        0.07820000000000000,
        0.08055526315789470,
        0.14694736842105300,
        0.06649736842105260,
        0.09944210526315790,
        0.17519473684210500,
        0.00654736842105263,
        0.13436315789473700,
        0.21225263157894700,
    ],
    [
        0.07002564102564100,
        0.05628461538461540,
        0.14383076923076900,
        0.11293589743589700,
        0.09825641025641020,
        0.17346923076923100,
        0.07737692307692310,
        0.03599743589743590,
        0.23182307692307700,
    ],
    [
        0.06044358974358970,
        0.09280512820512820,
        0.13652564102564100,
        0.09221025641025640,
        0.16812820512820500,
        0.21707435897435900,
        0.07901538461538460,
        0.11219743589743600,
        0.04160000000000000,
    ],
]


Sequential_g = [
    [
        0.0341753246753247,
        0.1031064935064940,
        0.3378415584415590,
        0.1080571428571430,
        0.1216259740259740,
        0.1993155844155840,
        0.0155506493506493,
        0.0213480519480519,
        0.0589792207792208,
    ],
    [
        0.2097090909090910,
        0.0343415584415584,
        0.2623974025974030,
        0.0678766233766234,
        0.1320987012987010,
        0.2061727272727270,
        0.0148961038961039,
        0.0212441558441558,
        0.0512636363636364,
    ],
    [
        0.0571233766233766,
        0.0658818181818182,
        0.0539831168831169,
        0.1532987012987010,
        0.2542701298701300,
        0.2820818181818180,
        0.0211974025974026,
        0.0304493506493506,
        0.0817142857142857,
    ],
    [
        0.0492868421052632,
        0.0668605263157895,
        0.1653118421052630,
        0.0477513157894737,
        0.3126802631578950,
        0.2011223684210530,
        0.0212328947368421,
        0.0393407894736842,
        0.0964131578947369,
    ],
    [
        0.0545736842105263,
        0.0637855263157895,
        0.1338315789473680,
        0.2377223684210530,
        0.0830342105263158,
        0.2102552631578950,
        0.0376236842105263,
        0.0562381578947368,
        0.1229355263157890,
    ],
    [
        0.0452467532467532,
        0.0876389610389610,
        0.1298935064935070,
        0.1657909090909090,
        0.3067584415584420,
        0.0571051948051948,
        0.0259181818181818,
        0.0403948051948052,
        0.1412532467532470,
    ],
    [
        0.0427120000000000,
        0.0774373333333333,
        0.1240026666666670,
        0.0928160000000000,
        0.1999893333333330,
        0.1636133333333330,
        0.0327440000000000,
        0.0897440000000000,
        0.1769413333333330,
    ],
    [
        0.0527973333333333,
        0.0779546666666667,
        0.1180466666666670,
        0.0955746666666667,
        0.1944720000000000,
        0.1519933333333330,
        0.0700546666666667,
        0.0311146666666667,
        0.2079920000000000,
    ],
    [
        0.0486640000000000,
        0.0609346666666667,
        0.1215093333333330,
        0.1230986666666670,
        0.2150773333333330,
        0.1990413333333330,
        0.0835293333333333,
        0.0999613333333333,
        0.0481840000000000,
    ],
]

Global_g = [
    [
        0.0227588235294118,
        0.0601568627450980,
        0.2329313725490200,
        0.1239117647058820,
        0.1514078431372550,
        0.2604549019607840,
        0.0172450980392157,
        0.0217607843137255,
        0.1093725490196080,
    ],
    [
        0.2579615384615390,
        0.0321480769230769,
        0.1878903846153850,
        0.0908557692307692,
        0.1467076923076920,
        0.1935076923076920,
        0.0177076923076923,
        0.0104653846153846,
        0.0627557692307692,
    ],
    [
        0.0289431372549020,
        0.0507176470588235,
        0.0378549019607843,
        0.1760823529411760,
        0.3497176470588240,
        0.1751215686274510,
        0.0274098039215686,
        0.0438843137254902,
        0.1102686274509800,
    ],
    [
        0.0843450980392157,
        0.0490843137254902,
        0.1199921568627450,
        0.0391647058823529,
        0.3252647058823530,
        0.1829058823529410,
        0.0819058823529412,
        0.0270803921568628,
        0.0902568627450980,
    ],
    [
        0.0461490196078431,
        0.0747058823529412,
        0.1490313725490200,
        0.1926078431372550,
        0.0855254901960784,
        0.2446313725490200,
        0.0474333333333333,
        0.0599862745098039,
        0.0999294117647059,
    ],
    [
        0.0746039215686275,
        0.0511294117647059,
        0.1325509803921570,
        0.1659960784313730,
        0.2856235294117650,
        0.0383764705882353,
        0.0556019607843137,
        0.0857411764705882,
        0.1103764705882350,
    ],
    [
        0.0768916666666667,
        0.0573812500000000,
        0.1502520833333330,
        0.1067750000000000,
        0.1555041666666670,
        0.2077770833333330,
        0.0156437500000000,
        0.0759541666666667,
        0.1538208333333330,
    ],
    [
        0.0663000000000000,
        0.0478959183673469,
        0.1005979591836730,
        0.1696408163265310,
        0.1541551020408160,
        0.2012204081632650,
        0.0415428571428571,
        0.0223897959183673,
        0.1962571428571430,
    ],
    [
        0.1083122448979590,
        0.0516489795918367,
        0.1299857142857140,
        0.1354061224489800,
        0.2007224489795920,
        0.1770102040816330,
        0.0523775510204082,
        0.0685000000000000,
        0.0760367346938776,
    ],
]
